173
222
192
255
192
255
192
255
195
255
199
255
198
255
166
4
159
4
161
4
173
107
213
94
118
106
213
95
109
105
213
96
58
104
213
97
250
102
213
98
181
101
213
99
164
100
213
100
111
99
213
101
245
97
213
102
116
96
213
103
16
95
213
104
173
93
213
105
237
91
213
106
168
236
229
94
153
238
229
95
74
237
229
96
249
235
229
97
230
231
229
98
41
233
229
99
15
233
229
100
15
233
229
101
184
236
229
102
54
238
229
103
103
235
229
104
242
234
229
105
8
237
229
106
197
237
207
94
225
229
207
95
17
233
207
96
142
241
207
97
217
241
207
98
49
235
207
99
231
235
207
100
62
243
207
101
214
244
207
102
177
237
207
103
52
236
207
104
56
242
207
105
159
246
207
106
228
63
8
94
122
193
8
95
91
26
9
96
180
168
8
97
213
33
8
98
156
101
8
99
218
174
8
100
93
40
8
101
144
87
7
102
12
55
7
103
92
80
7
104
216
165
6
105
97
129
5
106
239
190
0
0
173
222
192
255
191
255
195
255
193
255
193
255
195
255
159
4
159
4
167
4
71
90
213
107
242
88
213
108
167
87
213
109
17
86
213
110
130
84
213
111
71
83
213
112
17
82
213
113
136
80
213
114
2
79
213
115
180
77
213
116
146
76
213
117
79
75
213
118
199
73
213
119
37
238
229
107
187
236
229
108
136
234
229
109
28
236
229
110
85
238
229
111
160
236
229
112
175
232
229
113
174
234
229
114
145
236
229
115
41
235
229
116
90
233
229
117
138
234
229
118
126
236
229
119
134
240
207
107
62
238
207
108
120
243
207
109
232
246
207
110
163
238
207
111
215
232
207
112
252
236
207
113
187
242
207
114
90
238
207
115
31
232
207
116
61
234
207
117
212
241
207
118
112
241
207
119
165
237
4
107
75
195
4
108
107
250
3
109
0
227
2
110
240
121
2
111
135
205
2
112
61
183
2
113
100
3
2
114
243
157
1
115
162
4
2
116
233
38
2
117
223
147
1
118
73
30
1
119
239
190
0
0
173
222
193
255
195
255
195
255
193
255
195
255
193
255
163
4
161
4
159
4
81
72
213
120
236
70
213
121
93
69
213
122
192
67
213
123
77
66
213
124
22
65
213
125
198
63
213
126
40
62
213
127
138
60
213
128
88
59
213
129
20
58
213
130
130
56
213
131
237
54
213
132
157
234
229
120
204
231
229
121
176
232
229
122
121
234
229
123
12
235
229
124
34
234
229
125
215
233
229
126
123
234
229
127
141
234
229
128
45
234
229
129
137
231
229
130
11
231
229
131
49
234
229
132
154
235
207
120
217
235
207
121
3
242
207
122
247
240
207
123
230
234
207
124
83
235
207
125
235
240
207
126
55
242
207
127
251
234
207
128
63
233
207
129
85
239
207
130
234
242
207
131
143
234
207
132
103
127
1
120
97
203
1
121
189
84
1
122
209
196
0
123
129
8
1
124
133
114
1
125
117
28
1
126
182
125
0
127
193
156
0
128
21
26
1
129
109
237
0
130
42
86
0
131
187
101
0
132
239
190
0
0
173
222
192
255
191
255
192
255
199
255
198
255
192
255
166
4
169
4
163
4
166
53
213
133
130
52
213
134
7
51
213
135
83
49
213
136
242
47
213
137
229
46
213
138
159
45
213
139
239
43
213
140
111
42
213
141
53
41
213
142
255
39
213
143
176
38
213
144
120
37
213
145
5
233
229
133
187
231
229
134
127
232
229
135
48
235
229
136
77
234
229
137
104
231
229
138
182
232
229
139
227
236
229
140
176
236
229
141
177
233
229
142
172
233
229
143
116
235
229
144
9
236
229
145
177
231
207
133
204
236
207
134
92
241
207
135
31
236
207
136
55
231
207
137
219
234
207
138
137
240
207
139
134
236
207
140
132
231
207
141
148
234
207
142
26
241
207
143
84
240
207
144
179
232
207
145
166
12
1
13