173
222
232
255
236
255
236
255
196
255
196
255
193
255
159
4
158
4
163
4
19
237
128
10
22
237
128
11
50
237
128
12
42
237
128
13
240
236
128
14
225
236
128
15
254
236
128
16
253
236
128
17
206
236
128
18
193
236
128
19
7
237
128
20
19
237
128
21
214
236
128
22
207
169
2
10
197
170
2
11
221
171
2
12
26
171
2
13
179
170
2
14
108
171
2
15
155
170
2
16
194
169
2
17
53
169
2
18
118
168
2
19
15
169
2
20
148
169
2
21
80
169
2
22
168
208
239
10
105
212
239
11
84
214
239
12
113
210
239
13
152
208
239
14
68
212
239
15
151
212
239
16
83
211
239
17
185
208
239
18
136
209
239
19
3
212
239
20
176
211
239
21
232
208
239
22
89
192
214
10
103
192
214
11
111
192
214
12
109
192
214
13
104
192
214
14
118
192
214
15
138
192
214
16
137
192
214
17
129
192
214
18
144
192
214
19
173
192
214
20
183
192
214
21
167
192
214
22
239
190
0
0
173
222
238
255
235
255
232
255
195
255
195
255
195
255
160
4
159
4
152
4
205
236
128
23
242
236
128
24
24
237
128
25
25
237
128
26
35
237
128
27
83
237
128
28
125
237
128
29
139
237
128
30
165
237
128
31
212
237
128
32
240
237
128
33
14
238
128
34
15
238
128
35
143
169
2
23
100
168
2
24
146
168
2
25
66
170
2
26
132
170
2
27
136
170
2
28
129
172
2
29
227
172
2
30
198
171
2
31
145
170
2
32
251
170
2
33
126
171
2
34
62
172
2
35
92
210
239
23
53
214
239
24
240
213
239
25
226
210
239
26
177
210
239
27
2
216
239
28
135
215
239
29
194
212
239
30
232
212
239
31
198
216
239
32
83
217
239
33
155
213
239
34
112
213
239
35
179
192
214
23
183
192
214
24
182
192
214
25
176
192
214
26
187
192
214
27
189
192
214
28
171
192
214
29
154
192
214
30
152
192
214
31
148
192
214
32
119
192
214
33
101
192
214
34
78
192
214
35
239
190
0
0
173
222
238
255
235
255
232
255
195
255
195
255
195
255
160
4
159
4
152
4
63
238
128
36
116
238
128
37
121
238
128
38
116
238
128
39
141
238
128
40
182
238
128
41
195
238
128
42
176
238
128
43
188
238
128
44
246
238
128
45
11
239
128
46
205
238
128
47
193
238
128
48
100
170
2
36
64
169
2
37
190
171
2
38
90
172
2
39
234
171
2
40
172
172
2
41
180
173
2
42
222
172
2
43
253
169
2
44
166
169
2
45
49
172
2
46
20
173
2
47
69
173
2
48
35
216
239
36
145
217
239
37
211
214
239
38
91
212
239
39
145
215
239
40
78
217
239
41
141
214
239
42
169
212
239
43
108
213
239
44
11
215
239
45
76
214
239
46
6
212
239
47
231
212
239
48
69
192
214
36
45
192
214
37
6
192
214
38
249
191
214
39
249
191
214
40
235
191
214
41
208
191
214
42
188
191
214
43
195
191
214
44
189
191
214
45
156
191
214
46
115
191
214
47
100
191
214
48
239
190
0
0
173
222
231
255
235
255
239
255
195
255
195
255
192
255
156
4
156
4
156
4
226
238
128
49
240
238
128
50
222
238
128
51
214
238
128
52
253
238
128
53
34
239
128
54
20
239
128
55
3
239
128
56
57
239
128
57
58
239
128
58
38
239
128
59
22
239
128
60
43
239
128
61
105
172
2
49
161
171
2
50
74
172
2
51
43
173
2
52
254
170
2
53
1
174
2
54
221
175
2
55
22
174
2
56
244
172
2
57
0
174
2
58
252
172
2
59
183
172
2
60
96
172
2
61
129
216
239
49
70
216
239
50
224
212
239
51
45
212
239
52
185
215
239
53
158
217
239
54
42
213
239
55
141
212
239
56
203
217
239
57
111
217
239
58
117
214
239
59
81
214
239
60
93
216
239
61
98
191
214
49
65
191
214
50
39
191
214
51
36
191
214
52
38
191
214
53
23
191
214
54
253
190
214
55
238
190
214
56
240
190
214
57
211
190
214
58
173
190
214
59
166
190
214
60
167
190
214
61
239
190
0
0
173
222
240
255
233
255
231
255
192
255
198
255
193
255
158
4
163
4
158
4
88
239
128
62
93
239
128
63
71
239
128
64
70
239
128
65
118
239
128
66
125
239
128
67
95
239
128
68
99
239
128
69
147
239
128
70
197
239
128
71
150
239
128
72
142
239
128
73
204
239
128
74
64
173
2
62
40
175
2
63
130
173
2
64
54
173
2
65
43
174
2
66
217
172
2
67
105
172
2
68
63
173
2
69
107
174
2
70
176
175
2
71
253
174
2
72
50
173
2
73
36
172
2
74
14
218
239
62
150
215
239
63
60
215
239
64
220
216
239
65
136
218
239
66
227
214
239
67
23
213
239
68
29
216
239
69
78
218
239
70
160
215
239
71
20
213
239
72
76
214
239
73
41
217
239
74
156
190
214
62
133
190
214
63
111
190
214
64
100
190
214
65
102
190
214
66
70
190
214
67
33
190
214
68
43
190
214
69
68
190
214
70
63
190
214
71
253
189
214
72
244
189
214
73
79
190
214
74
239
190
0
0
173
222
236
255
239
255
239
255
195
255
193
255
195
255
159
4
159
4
156
4
240
239
128
75
218
239
128
76
206
239
128
77
20
240
128
78
78
240
128
79
66
240
128
80
34
240
128
81
87
240
128
82
99
240
128
83
90
240
128
84
84
240
128
85
86
240
128
86
131
240
128
87
183
173
2
75
176
172
2
76
174
170
2
77
187
171
2
78
17
174
2
79
67
174
2
80
159
174
2
81
163
171
2
82
191
171
2
83
152
174
2
84
28
175
2
85
255
172
2
86
105
171
2
87
216
216
239
75
173
213
239
76
63
213
239
77
124
217
239
78
242
213
239
79
192
211
239
80
3
214
239
81
151
207
239
82
90
198
239
83
69
196
239
84
242
194
239
85
254
195
239
86
8
197
239
87
189
190
214
75
64
190
214
76
231
189
214
77
235
190
214
78
221
191
214
79
137
191
214
80
238
190
214
81
171
190
214
82
169
189
214
83
124
189
214
84
209
189
214
85
164
189
214
86
68
189
214
87
239
190
0
0
173
222
236
255
239
255
239
255
195
255
193
255
195
255
159
4
159
4
156
4
138
240
128
88
109
240
128
89
131
240
128
90
169
240
128
91
184
240
128
92
171
240
128
93
162
240
128
94
209
240
128
95
15
241
128
96
1
241
128
97
235
240
128
98
15
241
128
99
61
241
128
100
44
174
2
88
108
173
2
89
254
171
2
90
229
171
2
91
4
173
2
92
85
174
2
93
206
173
2
94
59
173
2
95
22
174
2
96
98
171
2
97
210
169
2
98
217
167
2
99
1
171
2
100
255
195
239
88
220
192
239
89
214
194
239
90
246
197
239
91
29
196
239
92
169
192
239
93
36
194
239
94
224
195
239
95
236
194
239
96
34
192
239
97
191
192
239
98
140
194
239
99
152
194
239
100
24
189
214
88
0
189
214
89
6
189
214
90
234
188
214
91
205
188
214
92
178
188
214
93
162
188
214
94
147
188
214
95
133
188
214
96
107
188
214
97
82
188
214
98
63
188
214
99
55
188
214
100
239
190
0
0
173
222
239
255
231
255
231
255
192
255
195
255
195
255
159
4
159
4
153
4
56
241
128
101
45
241
128
102
96
241
128
103
140
241
128
104
126
241
128
105
98
241
128
106
147
241
128
107
196
241
128
108
175
241
128
109
155
241
128
110
169
241
128
111
221
241
128
112
246
241
128
113
185
171
2
101
36
170
2
102
244
168
2
103
73
169
2
104
42
169
2
105
196
170
2
106
132
169
2
107
172
169
2
108
153
170
2
109
226
167
2
110
89
168
2
111
137
167
2
112
109
168
2
113
115
193
239
101
142
193
239
102
3
192
239
103
90
177
239
104
52
180
239
105
59
190
239
106
101
182
239
107
197
174
239
108
9
170
239
109
221
167
239
110
134
172
239
111
134
174
239
112
218
172
239
113
25
188
214
101
249
187
214
102
36
188
214
103
63
188
214
104
7
188
214
105
182
187
214
106
159
187
214
107
65
187
214
108
42
187
214
109
94
187
214
110
28
187
214
111
218
186
214
112
192
186
214
113
239
190
0
0
173
222
231
255
232
255
232
255
193
255
195
255
192
255
159
4
159
4
159
4
219
241
128
114
238
241
128
115
41
242
128
116
54
242
128
117
44
242
128
118
65
242
128
119
87
242
128
120
114
242
128
121
93
242
128
122
84
242
128
123
128
242
128
124
168
242
128
125
167
242
128
126
174
167
2
114
145
166
2
115
249
165
2
116
76
167
2
117
28
164
2
118
62
163
2
119
56
160
2
120
121
160
2
121
71
160
2
122
46
157
2
123
19
154
2
124
15
152
2
125
29
150
2
126
78
170
239
114
100
171
239
115
153
173
239
116
92
171
239
117
197
169
239
118
108
170
239
119
39
172
239
120
218
170
239
121
250
165
239
122
218
165
239
123
46
169
239
124
66
168
239
125
71
163
239
126
164
186
214
114
165
186
214
115
151
186
214
116
107
186
214
117
82
186
214
118
77
186
214
119
60
186
214
120
31
186
214
121
251
185
214
122
235
185
214
123
230
185
214
124
213
185
214
125
183
185
214
126
239
190
0
0
173
222
238
255
238
255
236
255
193
255
192
255
192
255
159
4
156
4
156
4
149
242
128
127
204
242
128
128
30
243
128
129
81
243
128
130
88
243
128
131
133
243
128
132
215
243
128
133
164
243
128
134
103
243
128
135
123
243
128
136
171
243
128
137
171
243
128
138
133
243
128
139
31
149
2
127
121
149
2
128
241
148
2
129
165
147
2
130
120
146
2
131
23
146
2
132
195
146
2
133
63
151
2
134
55
150
2
135
87
149
2
136
131
151
2
137
71
152
2
138
208
149
2
139
120
162
239
127
23
165
239
128
99
167
239
129
122
164
239
130
82
163
239
131
229
165
239
132
122
165
239
133
170
161
239
134
114
159
239
135
71
163
239
136
226
166
239
137
234
163
239
138
86
160
239
139
161
185
214
127
165
185
214
128
139
185
214
129
76
185
214
130
33
185
214
131
9
185
214
132
239
184
214
133
173
184
214
134
128
184
214
135
124
184
214
136
107
184
214
137
70
184
214
138
38
184
214
139
239
190
0
0
173
222
238
255
238
255
236
255
193
255
192
255
192
255
159
4
156
4
156
4
125
243
128
140
170
243
128
141
185
243
128
142
146
243
128
143
158
243
128
144
186
243
128
145
194
243
128
146
180
243
128
147
169
243
128
148
199
243
128
149
236
243
128
150
211
243
128
151
171
243
128
152
4
150
2
140
160
154
2
141
183
154
2
142
112
156
2
143
48
156
2
144
4
154
2
145
106
158
2
146
76
159
2
147
44
159
2
148
150
159
2
149
95
159
2
150
138
159
2
151
69
158
2
152
172
161
239
140
138
165
239
141
90
165
239
142
202
162
239
143
227
165
239
144
116
169
239
145
224
167
239
146
251
165
239
147
202
165
239
148
18
170
239
149
12
169
239
150
115
165
239
151
208
165
239
152
21
184
214
140
4
184
214
141
225
183
214
142
197
183
214
143
196
183
214
144
179
183
214
145
148
183
214
146
132
183
214
147
130
183
214
148
117
183
214
149
98
183
214
150
65
183
214
151
40
183
214
152
239
190
0
0
173
222
236
255
239
255
236
255
195
255
199
255
193
255
155
4
161
4
158
4
203
243
128
153
236
243
128
154
208
243
128
155
167
243
128
156
191
243
128
157
4
244
128
158
245
243
128
159
200
243
128
160
209
243
128
161
252
243
128
162
254
243
128
163
219
243
128
164
211
243
128
165
120
160
2
153
37
162
2
154
39
163
2
155
66
162
2
156
249
161
2
157
130
161
2
158
114
161
2
159
92
162
2
160
101
161
2
161
41
163
2
162
34
166
2
163
155
166
2
164
36
166
2
165
180
169
239
153
93
170
239
154
247
165
239
155
255
164
239
156
189
169
239
157
39
171
239
158
38
167
239
159
103
165
239
160
42
168
239
161
57
170
239
162
37
168
239
163
150
165
239
164
61
169
239
165
42
183
214
153
18
183
214
154
231
182
214
155
208
182
214
156
213
182
214
157
206
182
214
158
179
182
214
159
158
182
214
160
157
182
214
161
146
182
214
162
120
182
214
163
104
182
214
164
98
182
214
165
239
190
0
0
173
222
239
255
234
255
230
255
192
255
198
255
193
255
161
4
159
4
159
4
252
243
128
166
5
244
128
167
238
243
128
168
228
243
128
169
5
244
128
170
13
244
128
171
255
243
128
172
238
243
128
173
19
244
128
174
45
244
128
175
18
244
128
176
253
243
128
177
27
244
128
178
119
165
2
166
16
166
2
167
60
163
2
168
140
162
2
169
233
164
2
170
142
167
2
171
44
168
2
172
171
166
2
173
48
166
2
174
198
166
2
175
189
168
2
176
41
168
2
177
59
168
2
178
249
171
239
166
118
169
239
167
193
165
239
168
195
165
239
169
140
170
239
170
250
169
239
171
100
167
239
172
103
167
239
173
52
172
239
174
240
169
239
175
190
166
239
176
49
168
239
177
20
172
239
178
78
182
214
166
46
182
214
167
37
182
214
168
24
182
214
169
9
182
214
170
246
181
214
171
237
181
214
172
237
181
214
173
242
181
214
174
214
181
214
175
184
181
214
176
185
181
214
177
193
181
214
178
239
190
0
0
173
222
230
255
235
255
241
255
192
255
193
255
192
255
153
4
156
4
156
4
58
244
128
179
30
244
128
180
251
243
128
181
21
244
128
182
102
244
128
183
117
244
128
184
38
244
128
185
32
244
128
186
66
244
128
187
71
244
128
188
33
244
128
189
31
244
128
190
73
244
128
191
53
168
2
179
251
168
2
180
215
168
2
181
38
170
2
182
245
170
2
183
94
172
2
184
179
171
2
185
187
170
2
186
41
171
2
187
189
170
2
188
38
171
2
189
67
169
2
190
61
169
2
191
143
172
239
179
36
169
239
180
253
167
239
181
123
172
239
182
184
174
239
183
176
171
239
184
80
170
239
185
203
172
239
186
58
174
239
187
105
170
239
188
67
167
239
189
86
170
239
190
97
173
239
191
177
181
214
179
135
181
214
180
128
181
214
181
139
181
214
182
152
181
214
183
139
181
214
184
119
181
214
185
110
181
214
186
85
181
214
187
66
181
214
188
105
181
214
189
147
181
214
190
70
181
214
191
239
190
0
0
173
222
230
255
235
255
241
255
192
255
193
255
192
255
153
4
156
4
156
4
90
244
128
192
67
244
128
193
52
244
128
194
107
244
128
195
96
244
128
196
80
244
128
197
57
244
128
198
102
244
128
199
126
244
128
200
102
244
128
201
67
244
128
202
102
244
128
203
146
244
128
204
23
171
2
192
32
172
2
193
14
170
2
194
255
171
2
195
26
174
2
196
167
173
2
197
213
170
2
198
52
169
2
199
77
169
2
200
111
174
2
201
117
174
2
202
203
169
2
203
24
171
2
204
184
169
239
192
110
170
239
193
213
182
239
194
111
177
239
195
118
173
239
196
57
176
239
197
45
188
239
198
23
182
239
199
198
173
239
200
175
178
239
201
235
189
239
202
102
188
239
203
70
177
239
204
50
181
214
192
134
181
214
193
140
181
214
194
65
181
214
195
14
181
214
196
73
181
214
197
67
181
214
198
80
181
214
199
37
181
214
200
53
181
214
201
10
181
214
202
50
181
214
203
75
181
214
204
239
190
0
0
173
222
238
255
231
255
238
255
192
255
195
255
193
255
159
4
156
4
152
4
137
244
128
205
97
244
128
206
109
244
128
207
167
244
128
208
193
244
128
209
114
244
128
210
115
244
128
211
160
244
128
212
151
244
128
213
107
244
128
214
97
244
128
215
152
244
128
216
165
244
128
217
99
172
2
205
185
171
2
206
72
172
2
207
238
171
2
208
23
172
2
209
87
169
2
210
164
171
2
211
70
171
2
212
213
170
2
213
51
170
2
214
95
172
2
215
67
171
2
216
203
169
2
217
170
183
239
205
246
191
239
206
82
195
239
207
26
185
239
208
142
186
239
209
249
189
239
210
77
193
239
211
183
195
239
212
184
191
239
213
186
189
239
214
228
192
239
215
132
196
239
216
94
194
239
217
40
181
214
205
236
180
214
206
4
181
214
207
79
181
214
208
17
181
214
209
180
180
214
210
178
180
214
211
192
180
214
212
159
180
214
213
120
180
214
214
113
180
214
215
136
180
214
216
118
180
214
217
239
190
0
0
173
222
236
255
232
255
236
255
195
255
195
255
193
255
158
4
163
4
160
4
119
244
128
218
88
244
128
219
157
244
128
220
164
244
128
221
126
244
128
222
89
244
128
223
123
244
128
224
156
244
128
225
126
244
128
226
91
244
128
227
117
244
128
228
165
244
128
229
157
244
128
230
247
171
2
218
134
168
2
219
97
167
2
220
93
171
2
221
162
169
2
222
190
169
2
223
161
170
2
224
5
170
2
225
148
171
2
226
207
170
2
227
53
169
2
228
231
169
2
229
160
169
2
230
236
189
239
218
249
189
239
219
159
194
239
220
89
194
239
221
53
190
239
222
49
191
239
223
100
195
239
224
31
195
239
225
14
192
239
226
186
190
239
227
195
194
239
228
22
195
239
229
216
190
239
230
73
180
214
218
51
180
214
219
66
180
214
220
54
180
214
221
17
180
214
222
3
180
214
223
7
180
214
224
0
180
214
225
224
179
214
226
216
179
214
227
218
179
214
228
212
179
214
229
189
179
214
230
239
190
0
0
173
222
236
255
232
255
236
255
195
255
195
255
193
255
158
4
163
4
160
4
114
244
128
231
118
244
128
232
175
244
128
233
178
244
128
234
139
244
128
235
143
244
128
236
180
244
128
237
185
244
128
238
155
244
128
239
155
244
128
240
192
244
128
241
211
244
128
242
174
244
128
243
134
167
2
231
191
169
2
232
233
170
2
233
29
171
2
234
24
170
2
235
73
169
2
236
6
170
2
237
206
168
2
238
95
171
2
239
3
172
2
240
34
171
2
241
113
171
2
242
194
171
2
243
230
188
239
231
136
194
239
232
57
196
239
233
86
192
239
234
5
189
239
235
170
191
239
236
210
195
239
237
51
194
239
238
138
191
239
239
77
193
239
240
2
196
239
241
172
193
239
242
121
189
239
243
178
179
214
231
184
179
214
232
191
179
214
233
174
179
214
234
165
179
214
235
169
179
214
236
151
179
214
237
127
179
214
238
112
179
214
239
131
179
214
240
124
179
214
241
107
179
214
242
99
179
214
243
239
190
0
0
173
222
238
255
236
255
236
255
193
255
192
255
195
255
159
4
159
4
156
4
152
244
128
244
218
244
128
245
246
244
128
246
199
244
128
247
168
244
128
248
192
244
128
249
225
244
128
250
207
244
128
1
188
244
128
2
213
244
128
3
255
244
128
4
237
244
128
5
228
244
128
6
200
168
2
244
9
168
2
245
27
170
2
246
2
169
2
247
219
168
2
248
117
169
2
249
33
169
2
250
129
171
2
1
149
172
2
2
201
170
2
3
213
169
2
4
54
170
2
5
111
171
2
6
203
189
239
244
57
194
239
245
254
192
239
246
21
189
239
247
157
190
239
248
23
195
239
249
142
195
239
250
192
191
239
1
179
192
239
2
23
196
239
3
205
195
239
4
138
192
239
5
56
202
239
6
122
179
214
244
109
179
214
245
84
179
214
246
87
179
214
247
119
179
214
248
82
179
214
249
49
179
214
250
55
179
214
1
202
179
214
2
133
179
214
3
47
179
214
4
71
179
214
5
132
180
214
6
239
190
0
0
173
222
231
255
235
255
235
255
195
255
192
255
195
255
161
4
156
4
156
4
4
245
128
7
252
244
128
8
245
244
128
9
228
244
128
10
225
244
128
11
1
245
128
12
16
245
128
13
14
245
128
14
251
244
128
15
12
245
128
16
26
245
128
17
19
245
128
18
237
244
128
19
116
170
2
7
176
169
2
8
240
169
2
9
33
169
2
10
211
169
2
11
137
169
2
12
125
168
2
13
3
169
2
14
107
167
2
15
5
166
2
16
72
170
2
17
210
169
2
18
240
167
2
19
36
204
239
7
100
195
239
8
165
192
239
9
211
202
239
10
174
207
239
11
81
196
239
12
206
192
239
13
208
203
239
14
243
209
239
15
0
201
239
16
151
194
239
17
158
202
239
18
11
209
239
19
84
180
214
7
34
179
214
8
50
179
214
9
31
180
214
10
58
180
214
11
56
179
214
12
36
179
214
13
6
180
214
14
234
179
214
15
112
179
214
16
252
178
214
17
154
179
214
18
74
179
214
19
239
190
0
0
173
222
238
255
231
255
236
255
192
255
198
255
198
255
159
4
159
4
159
4
41
245
128
20
116
245
128
21
71
245
128
22
21
245
128
23
60
245
128
24
87
245
128
25
77
245
128
26
22
245
128
27
44
245
128
28
95
245
128
29
99
245
128
30
39
245
128
31
83
245
128
32
15
167
2
20
223
166
2
21
241
168
2
22
246
167
2
23
64
168
2
24
7
170
2
25
14
170
2
26
216
169
2
27
212
169
2
28
143
171
2
29
156
169
2
30
95
166
2
31
12
168
2
32
93
204
239
20
22
195
239
21
83
205
239
22
7
210
239
23
16
209
239
24
233
196
239
25
115
204
239
26
237
210
239
27
29
212
239
28
59
201
239
29
76
204
239
30
106
209
239
31
44
213
239
32
167
179
214
20
150
179
214
21
254
179
214
22
26
179
214
23
174
179
214
24
75
179
214
25
179
179
214
26
231
178
214
27
69
179
214
28
115
179
214
29
154
179
214
30
160
178
214
31
238
178
214
32
239
190
0
0
173
222
238
255
231
255
236
255
192
255
198
255
198
255
159
4
159
4
159
4
134
245
128
33
122
245
128
34
65
245
128
35
57
245
128
36
127
245
128
37
137
245
128
38
74
245
128
39
60
245
128
40
130
245
128
41
158
245
128
42
92
245
128
43
44
245
128
44
115
245
128
45
22
170
2
33
104
170
2
34
217
169
2
35
184
168
2
36
90
171
2
37
20
172
2
38
127
170
2
39
170
169
2
40
2
170
2
41
162
171
2
42
252
169
2
43
240
167
2
44
127
167
2
45
190
213
239
33
8
209
239
34
9
211
239
35
214
212
239
36
100
213
239
37
11
210
239
38
162
209
239
39
229
210
239
40
128
213
239
41
196
211
239
42
55
209
239
43
15
210
239
44
49
214
239
45
116
180
214
33
15
180
214
34
184
178
214
35
132
178
214
36
235
179
214
37
3
180
214
38
158
178
214
39
31
178
214
40
111
179
214
41
14
180
214
42
163
178
214
43
209
177
214
44
18
179
214
45
239
190
0
0
173
222
232
255
236
255
238
255
195
255
192
255
191
255
159
4
159
4
161
4
206
245
128
46
141
245
128
47
67
245
128
48
103
245
128
49
168
245
128
50
150
245
128
51
83
245
128
52
107
245
128
53
181
245
128
54
157
245
128
55
85
245
128
56
131
245
128
57
214
245
128
58
42
170
2
46
230
171
2
47
154
170
2
48
119
170
2
49
252
170
2
50
200
167
2
51
199
168
2
52
18
168
2
53
240
167
2
54
111
170
2
55
36
168
2
56
74
168
2
57
34
168
2
58
194
211
239
46
59
209
239
47
130
209
239
48
201
213
239
49
39
208
239
50
199
207
239
51
68
208
239
52
110
212
239
53
193
213
239
54
143
210
239
55
175
208
239
56
26
212
239
57
225
213
239
58
4
180
214
46
206
178
214
47
172
177
214
48
163
178
214
49
96
179
214
50
192
178
214
51
128
177
214
52
7
178
214
53
132
179
214
54
248
178
214
55
100
177
214
56
164
177
214
57
58
179
214
58
239
190
0
0
173
222
236
255
235
255
231
255
193
255
192
255
193
255
160
4
152
4
153
4
185
245
128
59
124
245
128
60
113
245
128
61
192
245
128
62
215
245
128
63
140
245
128
64
115
245
128
65
203
245
128
66
3
246
128
67
201
245
128
68
137
245
128
69
200
245
128
70
24
246
128
71
157
168
2
59
64
170
2
60
221
168
2
61
38
169
2
62
154
170
2
63
105
168
2
64
167
167
2
65
28
168
2
66
213
170
2
67
60
171
2
68
125
169
2
69
139
168
2
70
87
169
2
71
207
210
239
59
150
208
239
60
93
210
239
61
50
213
239
62
128
210
239
63
105
207
239
64
115
210
239
65
17
214
239
66
2
213
239
67
69
209
239
68
163
209
239
69
91
214
239
70
129
213
239
71
2
179
214
59
108
177
214
60
46
177
214
61
168
178
214
62
227
178
214
63
78
177
214
64
235
176
214
65
103
178
214
66
71
179
214
67
191
177
214
68
187
176
214
69
9
178
214
70
39
179
214
71
239
190
0
0
173
222
236
255
231
255
240
255
193
255
195
255
192
255
159
4
158
4
158
4
234
245
128
72
149
245
128
73
193
245
128
74
251
245
128
75
224
245
128
76
161
245
128
77
212
245
128
78
26
246
128
79
1
246
128
80
186
245
128
81
196
245
128
82
51
246
128
83
29
246
128
84
246
170
2
72
29
169
2
73
73
169
2
74
251
170
2
75
114
173
2
76
73
171
2
77
81
172
2
78
118
173
2
79
78
173
2
80
156
171
2
81
134
170
2
82
213
169
2
83
50
171
2
84
75
210
239
72
107
210
239
73
83
213
239
74
6
209
239
75
18
210
239
76
151
210
239
77
22
214
239
78
82
214
239
79
66
210
239
80
218
208
239
81
74
212
239
82
162
214
239
83
147
210
239
84
241
177
214
72
162
176
214
73
109
177
214
74
95
178
214
75
236
177
214
76
133
176
214
77
32
177
214
78
169
178
214
79
9
178
214
80
110
176
214
81
143
176
214
82
72
178
214
83
5
178
214
84
239
190
0
0
173
222
236
255
232
255
233
255
192
255
192
255
193
255
158
4
159
4
159
4
202
245
128
85
181
245
128
86
248
245
128
87
15
246
128
88
215
245
128
89
182
245
128
90
3
246
128
91
48
246
128
92
252
245
128
93
237
245
128
94
10
246
128
95
68
246
128
96
23
246
128
97
195
169
2
85
210
168
2
86
60
171
2
87
132
174
2
88
77
172
2
89
145
169
2
90
139
170
2
91
103
172
2
92
193
171
2
93
43
171
2
94
175
170
2
95
201
171
2
96
109
172
2
97
175
207
239
85
63
210
239
86
71
212
239
87
76
208
239
88
222
208
239
89
160
210
239
90
128
213
239
91
40
211
239
92
223
208
239
93
215
208
239
94
75
214
239
95
101
214
239
96
183
210
239
97
75
176
214
85
19
176
214
86
111
177
214
87
155
177
214
88
102
176
214
89
200
175
214
90
31
177
214
91
216
177
214
92
123
176
214
93
146
175
214
94
191
176
214
95
245
177
214
96
201
176
214
97
239
190
0
0
173
222
233
255
238
255
240
255
193
255
188
255
190
255
160
4
159
4
163
4
217
245
128
98
21
246
128
99
77
246
128
100
40
246
128
101
231
245
128
102
250
245
128
103
75
246
128
104
58
246
128
105
238
245
128
106
249
245
128
107
113
246
128
108
103
246
128
109
35
246
128
110
204
172
2
98
253
173
2
99
4
173
2
100
5
173
2
101
107
171
2
102
112
171
2
103
88
172
2
104
250
173
2
105
192
172
2
106
110
171
2
107
34
171
2
108
37
170
2
109
65
171
2
110
207
209
239
98
211
214
239
99
226
212
239
100
21
209
239
101
14
209
239
102
40
213
239
103
159
214
239
104
195
211
239
105
10
210
239
106
117
213
239
107
156
215
239
108
190
211
239
109
188
206
239
110
121
175
214
98
119
176
214
99
155
177
214
100
179
176
214
101
90
175
214
102
204
175
214
103
96
177
214
104
252
176
214
105
90
175
214
106
112
175
214
107
33
177
214
108
255
176
214
109
70
175
214
110
239
190
0
0
173
222
240
255
239
255
236
255
195
255
195
255
192
255
160
4
159
4
152
4
11
246
128
111
75
246
128
112
104
246
128
113
44
246
128
114
14
246
128
115
86
246
128
116
129
246
128
117
81
246
128
118
57
246
128
119
111
246
128
120
150
246
128
121
109
246
128
122
51
246
128
123
37
169
2
111
114
168
2
112
216
171
2
113
136
173
2
114
185
171
2
115
67
170
2
116
211
170
2
117
234
169
2
118
130
167
2
119
102
168
2
120
235
170
2
121
177
170
2
122
154
168
2
123
210
208
239
111
83
214
239
112
56
212
239
113
237
208
239
114
120
211
239
115
160
213
239
116
153
208
239
117
0
211
239
118
63
211
239
119
101
214
239
120
25
213
239
121
75
210
239
122
171
210
239
123
3
175
214
111
127
176
214
112
239
176
214
113
88
175
214
114
206
174
214
115
17
176
214
116
147
176
214
117
176
175
214
118
161
174
214
119
164
175
214
120
174
176
214
121
164
175
214
122
122
174
214
123
239
190
0
0
